0b000301 0b000201 10000 100 9239 2000016218 8910 8937
0b000201 0b000101 10000 100 14230 2000158642 13438 13436
0b000201 0b000101 10001 100 121397 2000171060 22760 22420
0b000101 0b000201 10000 100 33382 2000216457 15103 15041
0b000201 0b000101 10002 100 74867 2000218235 18884 18517
0b000301 0b000201 10001 100 39539 2000256380 14748 11476
0b000201 0b000101 10003 100 5194 2000322538 12804 12678
0b000001 0b000201 10000 100 4185265 2000237808 412172 363135
0b000001 0b000301 10000 100 23506 2000651076 14243 14212
0b000301 0b000101 10000 100 179205 2000926799 45904 27267
0b000001 0b000301 10001 100 1480102 2000915897 187448 136335
0b000001 0b000301 10002 100 875395 2001030994 130170 85635
0b000201 0b000101 10004 100 103719 2001173060 29318 20936
0b000301 0b000201 10002 100 9016 2001310708 9662 8919
0b000301 0b000201 10003 100 47056 2001345807 16218 12108
0b000101 0b000001 10001 100 333093 2001377452 75869 36090
0b000301 0b000101 10001 100 547708 2001383071 75211 58160
0b000001 0b000201 10001 100 99196 2001524594 22757 20559
0b000101 0b000001 10000 100 1761291 2001358558 303373 155829
0b000301 0b000001 10000 100 7647950 2000713553 1013707 653444
0b000101 0b000301 10000 100 6841 2001847193 12844 12814
0b000001 0b000101 10000 100 898449 2001877383 93266 83488
0b000301 0b000001 10001 100 1585275 2001797783 313418 145152
0b000201 0b000301 10000 100 15707 2002190436 9666 9478
0b000301 0b000201 10004 100 4800525 2001755295 575936 410637
0b000101 0b000001 10004 100 74542 2002331063 27508 14411
0b000201 0b000001 10000 100 7749 2002461102 13495 12890
0b000101 0b000001 10003 100 1937026 2002192921 370654 170564
0b000001 0b000201 10002 100 1075265 2002471136 115354 102393
0b000101 0b000001 10002 100 4836771 2001825503 795258 413675
0b000201 0b000101 10005 100 535903 2002707632 62752 57170
0b000001 0b000301 10003 100 409051 2002745870 51925 46538
0b000201 0b000301 10001 100 82666 2002937725 16549 15092
0b000201 0b000101 10006 100 11815 2002980663 17866 13231
0b000101 0b000301 10001 100 163578 2002973947 40918 25956
0b000301 0b000001 10002 100 5691 2003007032 12868 12718
0b000301 0b000101 10002 100 7064 2003218166 13549 12835
0b000101 0b000201 10001 100 2490841 2002925445 509716 221072
0b000101 0b000001 10005 100 6592 2003578286 8831 8714
0b000301 0b000101 10004 100 22645 2003648872 16748 14139
0b000001 0b000101 10001 100 4932663 2002965827 864435 421715
0b000201 0b000301 10002 100 18518 2004001179 9954 9714
0b000301 0b000001 10003 100 21248 2004025438 18219 14024
0b000301 0b000201 10005 100 77443 2004274832 35383 14654
0b000301 0b000001 10004 100 24278 2004297972 19500 14278
0b000301 0b000101 10006 100 962587 2004132017 248831 92944
