904 
3 2 3 100 9239 2.000016219
2 1 3 100 14230 2.000158642
2 1 3 100 121397 2.000171060
1 2 3 100 33382 2.000216457
2 1 3 100 74867 2.000218235
0 2 3 100 4185265 2.000237808
3 2 3 100 39539 2.000256380
2 1 3 100 5194 2.000322539
0 3 3 100 23506 2.000651076
3 0 3 100 7647950 2.000713554
0 3 3 100 1480102 2.000915897
3 1 3 100 179205 2.000926799
0 3 3 100 875395 2.001030994
2 1 3 100 103719 2.001173061
3 2 3 100 9016 2.001310708
3 2 3 100 47056 2.001345808
1 0 3 100 1761291 2.001358558
1 0 3 100 333093 2.001377453
3 1 3 100 547708 2.001383072
0 2 3 100 99196 2.001524595
3 2 3 100 4800525 2.001755296
3 0 3 100 1585275 2.001797784
1 0 3 100 4836771 2.001825503
1 3 3 100 6841 2.001847193
0 1 3 100 898449 2.001877383
2 3 3 100 15707 2.002190437
1 0 3 100 1937026 2.002192922
1 0 3 100 74542 2.002331063
2 0 3 100 7749 2.002461103
0 2 3 100 1075265 2.002471136
2 1 3 100 535903 2.002707633
0 3 3 100 409051 2.002745870
0 2 3 100 13897316 2.002853249
1 2 3 100 2490841 2.002925446
2 3 3 100 82666 2.002937726
0 1 3 100 4932663 2.002965827
1 3 3 100 163578 2.002973947
2 1 3 100 11815 2.002980663
3 0 3 100 5691 2.003007032
3 1 3 100 7064 2.003218167
3 1 3 100 6045632 2.003264015
1 0 3 100 6592 2.003578286
3 1 3 100 22645 2.003648873
3 1 3 100 4251655 2.003789716
2 3 3 100 18518 2.004001180
3 0 3 100 21248 2.004025438
3 1 3 100 962587 2.004132018
1 2 3 100 24828100 2.004187917
3 2 3 100 77443 2.004274832
3 0 3 100 24278 2.004297973
2 1 3 100 5127 2.004720037
1 3 3 100 297374 2.004824075
1 3 3 100 28061 2.004946716
0 2 3 100 430700 2.004967636
3 0 3 100 1390969 2.005026455
2 0 3 100 22576 2.005122385
0 1 3 100 2806725 2.005211163
3 1 3 100 17568 2.005243807
2 0 3 100 55412 2.005261789
2 3 3 100 61054 2.005369191
0 2 3 100 43609 2.005380721
3 2 3 100 5583 2.005512929
3 1 3 100 2702950 2.005546090
0 3 3 100 420565 2.005732429
1 2 3 100 1204109 2.005780058
1 3 3 100 51293 2.005838484
2 1 3 100 27017 2.005856880
1 0 3 100 26637 2.005875772
3 2 3 100 66562 2.005890682
2 1 3 100 117035 2.005964681
2 0 3 100 17276 2.005991665
3 0 3 100 21668 2.006126253
0 1 3 100 1314847 2.006130922
1 0 3 100 1851125 2.006293204
1 2 3 100 8357634 2.006376542
2 1 3 100 4984289 2.006505214
1 0 3 100 39701 2.006511675
2 3 3 100 3202687 2.006568853
3 2 3 100 1966282 2.006604863
3 0 3 100 5579766 2.006810837
1 0 3 100 26548 2.006985302
3 1 3 100 32818 2.007022530
2 3 3 100 79689 2.007100327
0 1 3 100 149161 2.007310443
1 3 3 100 22834433 2.007457230
0 2 3 100 18358 2.007537939
1 3 3 100 22433 2.007607486
0 2 3 100 663788 2.007650628
2 1 3 100 511 2.007819019
0 3 3 100 7065 2.007859919
1 3 3 100 775567 2.008067416
2 3 3 100 26241 2.008078709
2 3 3 100 11230 2.008109897
2 0 3 100 5455 2.008275421
0 2 3 100 38264 2.008276432
0 3 3 100 24780 2.008285421
0 1 3 100 1807567 2.008387322
0 2 3 100 74585 2.008500810
3 0 3 100 29928 2.008516867
3 0 3 100 959100 2.008570783
2 0 3 100 6328735 2.008574638
0 3 3 100 4408 2.008681372
3 1 3 100 3430417 2.009188730
1 2 3 100 55407 2.009277604
2 0 3 100 5777436 2.009580368
0 1 3 100 6954646 2.009819697
1 2 3 100 71669 2.009916377
3 1 3 100 4274147 2.010103455
3 1 3 100 434908 2.010226692
2 0 3 100 7614737 2.010688953
3 0 3 100 21282 2.010755339
1 3 3 100 1392801 2.010928351
2 1 3 100 2004638 2.010986340
1 2 3 100 79121 2.011057013
1 3 3 100 544117 2.011202978
1 0 3 100 14339 2.011204336
3 2 3 100 4937988 2.011326816
2 0 3 100 4788 2.011458700
3 1 3 100 860 2.011473223
0 2 3 100 6769 2.011497030
2 1 3 100 36363 2.011573090
2 1 3 100 4351608 2.011632152
0 1 3 100 616327 2.011663014
3 2 3 100 709760 2.011766525
1 3 3 100 49539 2.011896423
1 2 3 100 53117 2.012077669
2 3 3 100 123140 2.012088115
1 0 3 100 25625 2.012098961
0 3 3 100 874950 2.012141770
0 2 3 100 4359548 2.012146859
0 1 3 100 842 2.012215192
1 2 3 100 1858128 2.012224543
0 2 3 100 7504 2.012285910
1 0 3 100 4945 2.012488294
3 0 3 100 1067795 2.012613762
2 3 3 100 724619 2.012781474
3 0 3 100 9471256 2.012790250
3 0 3 100 8126 2.012793166
2 3 3 100 22843 2.012804054
2 3 3 100 85982 2.012948015
0 1 3 100 286979 2.013034319
3 0 3 100 61749 2.013112808
0 2 3 100 5987 2.013163470
0 3 3 100 1285563 2.013205879
2 0 3 100 1322490 2.013268104
3 0 3 100 3920285 2.013531904
0 3 3 100 33620 2.013707768
3 0 3 100 7232263 2.013794077
0 3 3 100 22156 2.013887185
0 1 3 100 5498541 2.014218060
2 3 3 100 8696 2.014297326
2 0 3 100 2811646 2.014328021
0 3 3 100 1491663 2.014370358
3 2 3 100 526838 2.014734614
2 1 3 100 55909 2.014827105
0 1 3 100 8870369 2.014925794
0 1 3 100 8402531 2.014928604
3 2 3 100 100357 2.015026239
3 1 3 100 1450 2.015170736
3 1 3 100 4810562 2.015260560
0 1 3 100 13424 2.015441182
2 3 3 100 29162 2.015479519
1 3 3 100 1447639 2.015514237
2 3 3 100 72998 2.015762133
0 3 3 100 15511 2.015885908
2 3 3 100 66485 2.015907640
0 2 3 100 45091 2.016112905
3 1 3 100 5338367 2.016200948
3 0 3 100 9701 2.016231624
3 1 3 100 1679513 2.016294892
0 1 3 100 25322537 2.016495340
2 3 3 100 1673422 2.016613452
3 0 3 100 2648494 2.017071004
3 0 3 100 3551 2.017185820
3 0 3 100 1206442 2.017193631
0 3 3 100 2054475 2.017269247
3 1 3 100 54769 2.017277899
2 0 3 100 200236 2.017280069
3 2 3 100 3230 2.017387219
3 1 3 100 23005433 2.017680508
1 3 3 100 32825 2.017793161
3 2 3 100 2845365 2.017811636
1 0 3 100 29572 2.017882364
2 3 3 100 74664 2.018080499
0 2 3 100 3101985 2.018223785
2 3 3 100 8821 2.018272739
3 2 3 100 28719 2.018317632
3 0 3 100 2324119 2.018396831
0 2 3 100 47261 2.018416986
2 0 3 100 295320 2.018527245
3 0 3 100 20152 2.018528582
3 2 3 100 114086 2.018578458
3 1 3 100 3533 2.018584353
2 3 3 100 25714 2.018592497
3 0 3 100 3406413 2.018824116
3 2 3 100 9422 2.018976801
0 2 3 100 33610 2.019064493
0 3 3 100 404414 2.019089019
3 2 3 100 2477170 2.019159737
3 0 3 100 39589 2.019177847
3 1 3 100 68320 2.019333759
0 1 3 100 72251 2.019404361
3 2 3 100 179373 2.019441485
3 2 3 100 10478 2.019472673
3 1 3 100 6175 2.019497527
2 0 3 100 16911 2.019860484
2 3 3 100 69358 2.020330314
0 3 3 100 49262 2.020392001
1 2 3 100 2613596 2.020488494
0 2 3 100 580876 2.020520350
3 0 3 100 8898 2.020715139
2 1 3 100 4841 2.020886868
1 2 3 100 35256 2.021066130
2 3 3 100 6968 2.021492367
3 1 3 100 174060 2.021570318
2 1 3 100 41271 2.021614885
2 1 3 100 29746 2.021692700
2 3 3 100 11606468 2.021914731
0 2 3 100 44407 2.021966985
1 0 3 100 22704 2.022475512
2 1 3 100 140079 2.022696582
0 1 3 100 2067876 2.022701126
2 0 3 100 60592 2.022718164
3 1 3 100 1631802 2.022797127
1 2 3 100 616819 2.022881176
1 3 3 100 43446 2.023103684
0 2 3 100 43074 2.023112055
0 1 3 100 17172863 2.023161887
3 0 3 100 509012 2.023494814
3 0 3 100 20657 2.023518761
3 0 3 100 7425933 2.023666704
1 2 3 100 8121575 2.023774559
2 0 3 100 972 2.023907900
1 0 3 100 4635398 2.023920597
1 2 3 100 78053 2.023963143
2 1 3 100 614098 2.023967644
0 2 3 100 1159759 2.023990942
1 3 3 100 5146738 2.024099309
3 0 3 100 4522335 2.024147880
3 0 3 100 1944798 2.024152794
1 3 3 100 46268 2.024252697
0 2 3 100 39976 2.024304994
1 2 3 100 1184210 2.024754829
2 1 3 100 379692 2.024919332
2 3 3 100 3153088 2.025037434
0 1 3 100 169389 2.025070881
2 1 3 100 10061385 2.025503684
0 2 3 100 431 2.025529015
1 3 3 100 1149 2.025901516
0 3 3 100 1822079 2.026036189
3 1 3 100 12294447 2.026058383
3 2 3 100 29713472 2.026149715
2 1 3 100 6108 2.026214790
0 3 3 100 31325 2.026373782
3 1 3 100 4502414 2.026374227
2 1 3 100 6316 2.026411029
0 2 3 100 8407107 2.026733351
3 2 3 100 69524 2.026859737
2 3 3 100 437411 2.026891786
1 2 3 100 65596 2.026899390
0 3 3 100 3355 2.026923084
3 2 3 100 9823076 2.027071225
3 1 3 100 2842937 2.027151898
1 2 3 100 151010 2.027175830
1 2 3 100 21069 2.027196981
2 3 3 100 26805 2.027272537
0 3 3 100 35812 2.027337189
3 1 3 100 6958 2.027480956
0 1 3 100 65755 2.027621920
3 2 3 100 5821 2.027670811
2 3 3 100 879581 2.027804085
1 0 3 100 64552 2.027857944
1 2 3 100 5364 2.028449266
1 0 3 100 16314736 2.028492881
1 3 3 100 6220 2.028524048
2 3 3 100 7445853 2.028525599
3 2 3 100 57532 2.028574423
2 3 3 100 3422168 2.028577597
0 1 3 100 38514 2.028650864
3 0 3 100 3832 2.028667510
1 3 3 100 4375 2.028827020
2 1 3 100 3349235 2.028876672
3 2 3 100 2108 2.029025820
0 3 3 100 26630 2.029273229
0 2 3 100 55312 2.029444466
1 2 3 100 26180 2.029445783
1 2 3 100 55539 2.029556968
2 0 3 100 63829 2.029661157
0 2 3 100 906405 2.029665692
2 1 3 100 3563 2.029794316
0 1 3 100 170619 2.029972349
2 3 3 100 6945 2.030039241
0 3 3 100 51166 2.030334974
2 1 3 100 15372 2.030437828
3 2 3 100 79210 2.030830291
3 2 3 100 1988722 2.030889442
0 2 3 100 61767 2.030982367
3 2 3 100 1133370 2.030995157
1 2 3 100 42543 2.031050815
0 1 3 100 64005 2.031078603
1 0 3 100 9207119 2.031102808
2 3 3 100 24063 2.031753550
2 0 3 100 3042 2.031796514
0 1 3 100 1106491 2.031807149
3 0 3 100 1879163 2.032051210
1 0 3 100 77958 2.032060615
0 1 3 100 10748 2.032130877
2 1 3 100 61717 2.032134499
1 0 3 100 27956 2.032187854
1 2 3 100 11458 2.032202773
0 2 3 100 54276 2.032537586
0 3 3 100 178520 2.032569331
2 1 3 100 1996303 2.032576871
0 2 3 100 1776 2.032978485
3 2 3 100 23537 2.033006797
0 2 3 100 7101624 2.033234731
3 1 3 100 108174 2.033519202
2 1 3 100 830458 2.033643322
3 0 3 100 4433 2.033981976
3 1 3 100 7133 2.034054431
0 1 3 100 30133 2.034071438
2 3 3 100 3040311 2.034250504
2 3 3 100 2026447 2.034327672
1 0 3 100 11893 2.034989135
3 0 3 100 4623364 2.035186497
0 3 3 100 483154 2.035344010
2 3 3 100 17438 2.035368588
3 0 3 100 83229 2.035398652
3 0 3 100 76700 2.035466225
2 0 3 100 2014144 2.035563659
0 2 3 100 197601 2.035708998
3 1 3 100 38655 2.035885588
3 2 3 100 17882 2.035964262
0 1 3 100 1986580 2.035987491
0 3 3 100 589153 2.036073218
3 0 3 100 2498 2.036183015
1 0 3 100 2198711 2.036202374
3 0 3 100 39429 2.036291835
2 1 3 100 929995 2.036394853
3 1 3 100 2925345 2.036495558
2 3 3 100 6254869 2.036517204
2 3 3 100 635179 2.036521635
2 3 3 100 3013 2.036659710
3 1 3 100 50826 2.036674731
1 0 3 100 869677 2.036900617
0 2 3 100 1346464 2.036913261
0 1 3 100 9053 2.037171481
2 1 3 100 6783 2.037486723
1 2 3 100 5790 2.037637876
1 0 3 100 4395658 2.037662972
1 3 3 100 56481 2.037806443
1 0 3 100 708 2.037823795
2 0 3 100 199679 2.037831742
0 3 3 100 270466 2.037895097
1 0 3 100 38961 2.037933049
1 2 3 100 20131 2.037979632
3 0 3 100 7127327 2.037985851
2 1 3 100 7868 2.038245662
1 2 3 100 4628 2.038489750
0 2 3 100 61372 2.038530119
3 1 3 100 2320 2.038685416
2 1 3 100 23887 2.038802381
0 1 3 100 45650 2.039045627
2 0 3 100 38 2.039088781
3 0 3 100 13046951 2.039427435
2 3 3 100 7431083 2.039571426
1 3 3 100 45251 2.039672307
1 0 3 100 13912 2.039680924
0 1 3 100 5648 2.039990449
3 1 3 100 37053 2.040257470
0 2 3 100 63908 2.040281268
1 0 3 100 269886 2.040360757
0 2 3 100 4137592 2.040447900
1 2 3 100 61305 2.040573909
1 2 3 100 289131 2.040601323
2 1 3 100 65314 2.040700691
2 1 3 100 8961 2.040819472
2 1 3 100 617292 2.041149979
1 0 3 100 2980009 2.041236337
1 2 3 100 1797983 2.041381439
0 2 3 100 2305 2.041437879
2 1 3 100 8365880 2.041577051
2 1 3 100 5456 2.041684058
1 2 3 100 32073 2.041767428
0 1 3 100 45417 2.041796240
3 2 3 100 621347 2.042150577
2 3 3 100 4744997 2.042164563
1 0 3 100 6205676 2.042303185
2 3 3 100 24347 2.042565401
1 0 3 100 7141 2.042579133
1 2 3 100 3973288 2.042642860
0 1 3 100 1323863 2.042684969
1 0 3 100 18781404 2.042761680
3 0 3 100 8910582 2.042843844
2 3 3 100 3617787 2.042885736
2 0 3 100 2051873 2.043035819
1 3 3 100 509 2.043303883
0 3 3 100 1597443 2.043354108
3 0 3 100 154667 2.043528671
0 2 3 100 28013 2.043533782
0 1 3 100 4984 2.043584223
1 0 3 100 353743 2.043735432
0 3 3 100 62523 2.043766771
2 0 3 100 66243 2.043876477
3 0 3 100 8179305 2.044061925
0 3 3 100 124499 2.044091731
2 3 3 100 31052 2.044709970
3 0 3 100 3118516 2.044744258
1 3 3 100 1298464 2.044774722
0 1 3 100 1401 2.044890242
3 2 3 100 22 2.044943934
2 3 3 100 366643 2.045213904
3 1 3 100 3278324 2.045396613
0 2 3 100 4636769 2.045464623
3 1 3 100 4579962 2.045732009
0 1 3 100 1221 2.046003530
3 0 3 100 27554 2.046122903
2 0 3 100 21316 2.046266212
3 2 3 100 8843286 2.046313560
2 3 3 100 3873959 2.046562527
0 2 3 100 7449128 2.046743751
0 2 3 100 120123 2.046791421
1 3 3 100 17447853 2.046896339
2 3 3 100 1273350 2.046981378
3 1 3 100 21524 2.047177416
2 1 3 100 584547 2.047242642
3 0 3 100 1438515 2.047262045
3 0 3 100 109336 2.047274945
1 3 3 100 29325 2.047288664
1 2 3 100 4833 2.047457904
2 1 3 100 1093135 2.047559456
1 0 3 100 183193 2.047568155
2 3 3 100 4959 2.047723118
3 0 3 100 470465 2.047818187
2 1 3 100 3994 2.047865513
3 2 3 100 6600 2.047918700
0 1 3 100 23280 2.048042175
0 3 3 100 5317030 2.048151760
1 2 3 100 498662 2.048154653
0 3 3 100 8528 2.048179055
3 2 3 100 1132706 2.048220408
2 3 3 100 154197 2.048229778
3 0 3 100 31016 2.048267352
1 3 3 100 988908 2.048289245
0 1 3 100 47543 2.048569069
3 2 3 100 3519 2.048668708
2 3 3 100 4458077 2.048676205
3 0 3 100 1835148 2.048899782
3 1 3 100 7853 2.048966347
2 0 3 100 22006 2.049160066
3 1 3 100 439 2.049288163
1 0 3 100 66555 2.049438474
3 0 3 100 3813 2.049546929
2 3 3 100 6305 2.049586553
1 0 3 100 1773662 2.049633908
1 0 3 100 5022317 2.049655906
1 2 3 100 62362 2.049658085
1 2 3 100 4032591 2.049893061
0 1 3 100 3913214 2.049999616
1 3 3 100 1073209 2.050192967
3 2 3 100 15748 2.050311392
0 1 3 100 20271 2.050435525
1 0 3 100 1452546 2.050547699
1 3 3 100 63122 2.050575098
0 1 3 100 46896 2.050782702
2 3 3 100 4322243 2.050826641
3 1 3 100 2924031 2.050843360
2 3 3 100 35363 2.050878503
1 2 3 100 9749627 2.050909514
3 1 3 100 39256 2.051001258
0 1 3 100 72284 2.051089790
1 2 3 100 8692 2.051223251
0 2 3 100 3048203 2.051231669
2 1 3 100 29755856 2.051421564
2 3 3 100 15762 2.051437110
0 3 3 100 132560 2.051692188
0 3 3 100 54293 2.051695666
2 1 3 100 2103694 2.051751695
1 2 3 100 21976 2.051818772
0 1 3 100 833882 2.052007411
1 0 3 100 161312 2.052014499
2 1 3 100 56839 2.052086366
0 3 3 100 3905226 2.052175876
1 3 3 100 4869980 2.052493154
3 2 3 100 1705650 2.052628766
2 0 3 100 54196 2.052660340
1 0 3 100 62987 2.052846012
0 1 3 100 63028 2.052914566
3 1 3 100 1637825 2.053079349
2 3 3 100 33262 2.053094987
2 1 3 100 17664 2.053230989
0 3 3 100 47245 2.053395266
1 0 3 100 35784 2.053522928
2 3 3 100 38604 2.053651090
1 2 3 100 578527 2.053711859
3 0 3 100 8398634 2.054067654
3 0 3 100 76884 2.054208605
2 1 3 100 24024 2.054292757
3 1 3 100 6205 2.054323573
0 3 3 100 5617305 2.054363351
0 2 3 100 856003 2.054369187
0 1 3 100 26125 2.054431526
2 0 3 100 1565577 2.054462645
1 2 3 100 4789779 2.054471210
1 2 3 100 3412710 2.054486237
2 3 3 100 4619603 2.054544222
1 2 3 100 11395 2.054833358
2 1 3 100 863157 2.054857997
1 3 3 100 6303202 2.054914982
2 0 3 100 1071086 2.055044154
1 3 3 100 44083 2.055326602
1 3 3 100 35140 2.055428425
0 2 3 100 9584 2.055511042
2 3 3 100 7184 2.055589026
0 1 3 100 27287920 2.055825413
2 3 3 100 68681 2.055832256
1 2 3 100 1659172 2.055838058
3 2 3 100 2537 2.055928053
1 0 3 100 24664 2.056014503
3 1 3 100 989931 2.056104019
1 0 3 100 861114 2.056269108
2 3 3 100 540206 2.056327053
1 0 3 100 25845435 2.056327173
2 0 3 100 8068 2.056348163
0 1 3 100 23455 2.056483568
2 0 3 100 65158 2.056578893
1 3 3 100 91286 2.056712527
2 3 3 100 7540028 2.056898803
1 2 3 100 22990 2.056947701
0 2 3 100 9661504 2.057126003
1 3 3 100 425 2.057137508
2 0 3 100 1959132 2.057181090
0 2 3 100 6871473 2.057239594
1 0 3 100 1190449 2.057686056
0 3 3 100 1977764 2.057767131
1 3 3 100 28154 2.057956148
0 2 3 100 7951 2.058149918
2 0 3 100 3328520 2.058210229
0 1 3 100 79385 2.058245019
3 0 3 100 6589178 2.058437436
3 0 3 100 20467 2.058452856
3 1 3 100 127647 2.058461182
2 1 3 100 7966098 2.058502012
3 1 3 100 26498 2.058502032
3 2 3 100 124455 2.058536878
1 2 3 100 21374 2.059468534
1 2 3 100 137206 2.059602709
2 0 3 100 1159498 2.059798261
2 0 3 100 5693 2.059824588
1 3 3 100 28564 2.060022852
1 0 3 100 29400 2.060540236
0 2 3 100 58911 2.060674320
1 3 3 100 2332212 2.060708931
2 3 3 100 2964 2.060735258
0 3 3 100 18396 2.060772867
1 3 3 100 7339 2.061161995
1 2 3 100 1895 2.061366211
0 2 3 100 7456 2.061972389
1 0 3 100 1397 2.061991360
2 1 3 100 9056590 2.062083825
0 1 3 100 8033657 2.062245278
0 2 3 100 2532 2.062288169
3 2 3 100 369964 2.062324921
1 0 3 100 15647 2.062351050
2 1 3 100 3918 2.062435874
2 1 3 100 4848436 2.062454063
0 3 3 100 3040058 2.062524919
0 1 3 100 1803931 2.062724590
1 0 3 100 70090 2.062771771
0 1 3 100 58207 2.062776968
3 1 3 100 5306441 2.062893339
2 3 3 100 1778350 2.062918129
2 0 3 100 8713 2.062921198
1 2 3 100 3081895 2.062926236
0 1 3 100 11977 2.063026662
1 0 3 100 21038 2.063091581
2 1 3 100 830770 2.063225662
3 1 3 100 8343 2.063280696
0 1 3 100 12206 2.063282409
1 3 3 100 27829 2.063396195
1 2 3 100 27648 2.063405597
2 1 3 100 25970 2.063434501
3 2 3 100 852470 2.063458188
2 1 3 100 4824 2.063609551
1 3 3 100 931240 2.063671837
1 2 3 100 112294 2.063697675
2 1 3 100 1517312 2.063832350
0 2 3 100 65456 2.063998488
1 0 3 100 4520675 2.064111531
3 1 3 100 62992 2.064112753
3 1 3 100 597591 2.064222962
3 2 3 100 28768 2.064307444
0 1 3 100 30154 2.064344837
1 3 3 100 33442 2.064560926
2 3 3 100 29283 2.064672459
3 2 3 100 25054 2.064738935
1 2 3 100 123740 2.064743991
0 2 3 100 25941 2.064812105
3 0 3 100 78071 2.064884275
1 0 3 100 56393 2.065110381
0 3 3 100 46313 2.065270624
3 2 3 100 1897109 2.065277034
1 3 3 100 170170 2.065624984
3 2 3 100 48325 2.065821872
2 0 3 100 44013 2.066176035
1 2 3 100 191136 2.066356894
0 2 3 100 1993152 2.066466827
3 1 3 100 1096 2.066565807
2 1 3 100 49625 2.066685856
1 3 3 100 1890007 2.066752783
3 2 3 100 18103 2.066869952
1 0 3 100 1678115 2.067187910
2 3 3 100 20240 2.067496850
2 1 3 100 44491 2.067546087
2 1 3 100 1595303 2.067703650
0 2 3 100 55393 2.067835390
1 2 3 100 1175946 2.067911658
0 1 3 100 2291098 2.067983027
0 1 3 100 3748 2.068033346
2 1 3 100 9748 2.068125103
0 3 3 100 1323 2.068221611
0 3 3 100 32304 2.068278868
0 2 3 100 7918 2.068282440
2 3 3 100 22888 2.068285218
2 0 3 100 1020694 2.068343386
0 3 3 100 21889 2.068359782
0 1 3 100 2802554 2.068395513
0 1 3 100 1471985 2.068415023
2 0 3 100 1034122 2.068441863
1 0 3 100 61095 2.068681152
3 1 3 100 43929 2.068705214
2 0 3 100 6128832 2.068771370
2 1 3 100 445784 2.068914700
1 3 3 100 55381 2.068935861
1 3 3 100 1346682 2.068970915
3 2 3 100 452085 2.069290265
1 2 3 100 26429 2.069550135
3 0 3 100 45328 2.069606270
3 2 3 100 197727 2.069629595
3 2 3 100 17102977 2.069694962
3 0 3 100 13460918 2.070033796
1 2 3 100 1336703 2.070193835
3 1 3 100 218886 2.070310172
1 3 3 100 6092 2.070370365
3 0 3 100 3314837 2.070457399
3 1 3 100 41810 2.070497094
2 3 3 100 90058 2.070506720
2 0 3 100 5070 2.070661639
1 2 3 100 5483563 2.070734756
1 0 3 100 8824 2.070810030
2 3 3 100 26101 2.071053543
2 0 3 100 39064 2.071134559
2 3 3 100 4623973 2.071249297
3 1 3 100 19545 2.071426045
3 1 3 100 1122136 2.071433509
2 3 3 100 3870792 2.071727061
3 1 3 100 38403 2.071870344
0 2 3 100 10088 2.071947087
3 0 3 100 92651 2.071958188
1 2 3 100 3138748 2.071994934
1 3 3 100 47644 2.072091345
0 2 3 100 7216961 2.072294485
1 0 3 100 3156884 2.072644547
0 3 3 100 9865 2.073027926
0 1 3 100 57335 2.073127108
1 2 3 100 22743 2.073391871
1 2 3 100 67688 2.073566437
0 3 3 100 1202 2.073788884
3 1 3 100 6933308 2.073883926
3 1 3 100 16430435 2.074083028
2 0 3 100 5977849 2.074091363
1 3 3 100 9831 2.074169575
1 3 3 100 62214 2.074221570
1 3 3 100 63782 2.074283003
1 3 3 100 250119 2.074332139
2 0 3 100 71767 2.074430582
3 1 3 100 9052054 2.074457948
1 2 3 100 2574043 2.074612549
3 1 3 100 29230 2.074682821
3 0 3 100 130 2.074779626
1 3 3 100 13058775 2.074895011
3 0 3 100 7123 2.075087022
1 2 3 100 6084450 2.075223954
2 0 3 100 21956 2.075333294
2 3 3 100 36456 2.075373904
0 2 3 100 2451876 2.075434520
1 0 3 100 1973427 2.075807194
1 2 3 100 58537 2.076000211
1 3 3 100 1691096 2.076130578
3 1 3 100 2292248 2.076135298
1 2 3 100 7172 2.076186500
0 1 3 100 20975 2.076437281
1 2 3 100 73665 2.076468304
2 0 3 100 129248 2.076971609
2 0 3 100 2177815 2.077275504
1 3 3 100 13760 2.077325891
1 2 3 100 56420 2.077368403
0 1 3 100 926102 2.077521618
2 0 3 100 57051 2.077564463
3 2 3 100 87410 2.077582728
2 0 3 100 942159 2.077756413
0 1 3 100 1367161 2.077816200
1 3 3 100 1385978 2.077959970
1 3 3 100 2218601 2.077980742
0 2 3 100 4544808 2.077987985
3 1 3 100 3930921 2.077988566
0 2 3 100 1683446 2.078188620
0 3 3 100 2485927 2.078212140
1 0 3 100 29181 2.078501166
0 1 3 100 541651 2.078505041
3 0 3 100 1404289 2.078604003
0 1 3 100 11052984 2.078686836
3 1 3 100 1592222 2.078691727
0 2 3 100 184623 2.079064522
1 2 3 100 23438 2.079128975
1 2 3 100 2580025 2.079150930
2 3 3 100 17241 2.079183975
0 2 3 100 14122 2.079302954
2 3 3 100 1443543 2.079307813
0 1 3 100 62172 2.079487013
1 0 3 100 23725125 2.079495112
2 0 3 100 22465 2.079588785
2 1 3 100 18012 2.079659726
3 0 3 100 48338 2.079880184
1 0 3 100 27156981 2.079923280
0 1 3 100 1531264 2.079957024
2 0 3 100 20281 2.079981171
3 1 3 100 72653 2.080117794
0 3 3 100 42937 2.080151286
2 1 3 100 2413685 2.080193286
3 0 3 100 29609984 2.080243878
1 3 3 100 11315457 2.080251514
0 3 3 100 7556 2.080296187
2 1 3 100 7090005 2.080357844
1 3 3 100 36735 2.080402703
1 3 3 100 1917322 2.080472531
0 1 3 100 45581 2.080530869
3 0 3 100 73383 2.080547699
1 2 3 100 33288 2.080555672
1 3 3 100 48424 2.080645328
3 2 3 100 31528 2.080665385
2 0 3 100 22666 2.080810382
2 0 3 100 899078 2.080847361
0 1 3 100 7303660 2.081135235
3 1 3 100 57035 2.081183742
1 3 3 100 1919740 2.081213983
0 3 3 100 3712739 2.081235068
3 1 3 100 10443 2.081281956
3 2 3 100 40469 2.081371626
1 3 3 100 1259567 2.081465207
2 3 3 100 1057598 2.081558299
1 3 3 100 5115 2.082193861
1 0 3 100 18950 2.082559119
3 2 3 100 35837 2.082625177
3 1 3 100 67423 2.082656038
0 2 3 100 77462 2.082721223
2 3 3 100 4522 2.082912380
2 1 3 100 64867 2.082943902
1 0 3 100 26279162 2.083019883
2 3 3 100 3271 2.083081432
3 0 3 100 58092 2.083165956
1 3 3 100 2038506 2.083180358
3 1 3 100 4751664 2.083215288
0 2 3 100 35364 2.083268669
3 1 3 100 61766 2.083302276
2 0 3 100 30260 2.083540355
0 3 3 100 51040 2.083546334
0 2 3 100 66410 2.083776135
3 2 3 100 2614016 2.083840633
2 1 3 100 777215 2.084021452
1 2 3 100 343 2.084206796
3 0 3 100 755057 2.084268896
0 3 3 100 17645 2.084415108
0 3 3 100 1017028 2.084547432
3 1 3 100 87412 2.084646807
3 2 3 100 197455 2.084789311
3 1 3 100 25169 2.084811745
3 0 3 100 29220 2.084822481
1 0 3 100 3384 2.085010368
2 3 3 100 2039 2.085066590
3 2 3 100 25638 2.085073694
2 3 3 100 64527 2.085189746
2 0 3 100 29711 2.085195703
1 0 3 100 3086666 2.085393353
1 3 3 100 4926 2.085394269
2 3 3 100 37007 2.085425811
3 2 3 100 22758 2.085480853
3 2 3 100 76197 2.086197054
3 0 3 100 25733 2.086352427
3 1 3 100 43682 2.086463576
1 0 3 100 12179 2.086509273
1 3 3 100 23185 2.086571504
3 2 3 100 16786 2.086886686
2 0 3 100 2762121 2.087041080
0 1 3 100 67702 2.087069775
3 0 3 100 7984 2.087230055
1 0 3 100 15091507 2.087458336
3 1 3 100 113 2.087473056
1 3 3 100 1785730 2.087478239
3 0 3 100 7530820 2.087667160
2 3 3 100 13253 2.087810172
3 1 3 100 8950619 2.087819490
2 3 3 100 624945 2.087831340
1 0 3 100 2217937 2.087878307
0 2 3 100 66102 2.088024450
3 0 3 100 474958 2.088027584
1 0 3 100 62904 2.088135909
2 3 3 100 9896312 2.088328623
1 3 3 100 30306 2.088589156
3 1 3 100 79632 2.088749200
1 3 3 100 1657512 2.088751130
1 0 3 100 8267 2.088820037
3 2 3 100 1166210 2.089560572
3 1 3 100 35009 2.089560592
3 0 3 100 1775781 2.089624722
3 1 3 100 6165542 2.089676362
3 0 3 100 1308095 2.089688340
0 3 3 100 23181 2.089750553
2 1 3 100 3910367 2.090525998
2 3 3 100 23147 2.090637939
1 0 3 100 22450 2.090671113
3 2 3 100 29902 2.090960425
2 1 3 100 31485 2.091153150
1 2 3 100 56751 2.091243025
1 2 3 100 6672395 2.091331622
1 2 3 100 28907 2.091520196
3 2 3 100 23146 2.091563179
1 0 3 100 60273 2.091975076
3 1 3 100 5024006 2.092200380
1 0 3 100 3842702 2.092296467
3 1 3 100 4796 2.092524416
2 0 3 100 52335 2.092629168
3 0 3 100 9847 2.092670435
0 3 3 100 28202 2.092788070
0 2 3 100 1762742 2.092826204
1 2 3 100 133931 2.093091518
0 3 3 100 63187 2.093193232
2 3 3 100 76510 2.093234654
3 0 3 100 987991 2.093238279
2 0 3 100 4080402 2.093253484
0 3 3 100 74463 2.093257018
1 2 3 100 77525 2.093593955
2 0 3 100 62172 2.093627796
0 1 3 100 74046 2.093793269
0 3 3 100 232281 2.093918719
1 2 3 100 1756450 2.093923630
3 0 3 100 5563600 2.094396735
1 3 3 100 13929 2.094530807
1 2 3 100 4548 2.095070054
2 0 3 100 35493 2.095076994
3 0 3 100 7309 2.095083326
1 3 3 100 3107231 2.095094994
1 0 3 100 4007 2.095334824
3 2 3 100 820844 2.095372953
2 0 3 100 3715 2.095405133
3 2 3 100 8879 2.095485231
2 3 3 100 4114 2.095490894
3 2 3 100 4758125 2.095556428
1 2 3 100 28626 2.095911875
0 3 3 100 9136 2.095919392
2 1 3 100 4644122 2.096121526
2 1 3 100 27583 2.096124771
3 2 3 100 75500 2.096192195
2 1 3 100 817790 2.096484650
3 0 3 100 174301 2.096531721
2 1 3 100 44763 2.096646536
3 1 3 100 2974 2.096722816
2 1 3 100 1242431 2.096775377
2 1 3 100 389961 2.096925918
1 0 3 100 57419 2.096963547
1 0 3 100 44579 2.097019464
3 0 3 100 60227 2.097069387
1 3 3 100 651661 2.097076122
3 0 3 100 204836 2.097091939
0 3 3 100 514042 2.097131879
2 1 3 100 6950 2.097356406
3 1 3 100 113271 2.097421284
3 0 3 100 1737 2.097429918
1 0 3 100 41219 2.097464814
0 3 3 100 8160729 2.097691608
1 3 3 100 118251 2.098039117
3 1 3 100 65339 2.098047337
1 2 3 100 7036567 2.098145626
2 1 3 100 1553 2.098195140
0 2 3 100 5568 2.098253351
3 1 3 100 1298081 2.098282485
2 0 3 100 53407 2.098309454
3 2 3 100 29691 2.098325897
3 2 3 100 8391 2.098339236
2 3 3 100 2343504 2.098339988
0 1 3 100 67397 2.098443890
2 0 3 100 350880 2.098506839
0 3 3 100 21634 2.098662628
1 0 3 100 2048605 2.098751516
2 1 3 100 9396 2.098753123
3 1 3 100 60931 2.098783143
1 2 3 100 9218 2.098897691
2 3 3 100 10261 2.098931755
0 3 3 100 46101 2.099218587
0 1 3 100 65680 2.099332484
0 1 3 100 1078376 2.099354277
2 0 3 100 1203468 2.099393393
0 1 3 100 502951 2.099629909
0 3 3 100 58734 2.099710820
